[gd_scene load_steps=7 format=2]

[ext_resource path="res://scripts/House.gd" type="Script" id=1]
[ext_resource path="res://Ray.material" type="Material" id=2]
[ext_resource path="res://assets/Ray.material" type="Material" id=3]

[sub_resource type="ArrayMesh" id=1]

resource_name = "Plane.001"
blend_shape_mode = 1
custom_aabb = AABB( 0, 0, 0, 0, 0, 0 )
surfaces/0 = {
"aabb": AABB( -0.670455, -0.23036, -8.90845, 1.34091, 0.23037, 8.9098 ),
"array_data": PoolByteArray( 8, 162, 0, 0, 121, 21, 0, 60, 0, 126, 253, 0, 8, 34, 0, 0, 121, 21, 0, 60, 0, 126, 253, 0, 93, 57, 95, 179, 116, 200, 0, 60, 0, 126, 253, 0, 93, 185, 95, 179, 116, 200, 0, 60, 0, 126, 253, 0 ),
"array_index_data": PoolByteArray( 0, 0, 2, 0, 1, 0, 0, 0, 3, 0, 2, 0 ),
"blend_shape_data": [  ],
"format": 98051,
"index_count": 6,
"material": ExtResource( 3 ),
"name": "Ray",
"primitive": 4,
"skeleton_aabb": [  ],
"vertex_count": 4
}
_sections_unfolded = [ "Resource", "surface_1" ]

[sub_resource type="Animation" id=2]

resource_name = "Ray"
length = 3.0
loop = true
step = 0.1
tracks/0/type = "value"
tracks/0/path = NodePath("Ray:rotation_degrees")
tracks/0/interp = 2
tracks/0/loop_wrap = true
tracks/0/imported = false
tracks/0/enabled = true
tracks/0/keys = {
"times": PoolRealArray( 0, 0.5, 1.3, 1.7, 2.5 ),
"transitions": PoolRealArray( 1, 1, 1, 1, 1 ),
"update": 0,
"values": [ Vector3( 0, 0, 0 ), Vector3( -4.76901e-15, -48.5655, -1.19225e-15 ), Vector3( 1.83337e-15, 16.6329, 4.58341e-16 ), Vector3( -1.9387e-15, -17.7446, -4.84676e-16 ), Vector3( 3.10679e-15, 29.2357, 7.76698e-16 ) ]
}
tracks/1/type = "value"
tracks/1/path = NodePath("Ray2:rotation_degrees")
tracks/1/interp = 2
tracks/1/loop_wrap = true
tracks/1/imported = false
tracks/1/enabled = true
tracks/1/keys = {
"times": PoolRealArray( 0, 0.8, 1.6, 2, 2.5 ),
"transitions": PoolRealArray( 1, 1, 1, 1, 1 ),
"update": 0,
"values": [ Vector3( 5.84195e-15, 113.309, 1.46049e-15 ), Vector3( 1.03368e-15, 170.648, 2.58421e-16 ), Vector3( 6.19793e-15, 76.9943, -1.63107e-15 ), Vector3( 1.86249e-14, 102.583, 4.73263e-15 ), Vector3( 1.76722e-14, 67.828, -4.88843e-15 ) ]
}
tracks/2/type = "value"
tracks/2/path = NodePath("Ray3:rotation_degrees")
tracks/2/interp = 1
tracks/2/loop_wrap = true
tracks/2/imported = false
tracks/2/enabled = true
tracks/2/keys = {
"times": PoolRealArray( 0, 0.3, 0.7, 1.1, 1.6, 2.2, 2.4 ),
"transitions": PoolRealArray( 1, 1, 1, 1, 1, 1, 1 ),
"update": 0,
"values": [ Vector3( -5.33793e-15, -122.95, -1.33448e-15 ), Vector3( -3.29853e-15, -148.765, -8.24633e-16 ), Vector3( -6.2339e-15, -101.478, -1.55848e-15 ), Vector3( -5.16434e-15, -125.722, -1.29108e-15 ), Vector3( -4.98054e-15, -51.5331, -1.24514e-15 ), Vector3( -5.54202e-15, -119.398, -1.3855e-15 ), Vector3( -5.79362e-15, -114.386, -1.4484e-15 ) ]
}
tracks/3/type = "value"
tracks/3/path = NodePath("Ray4:rotation_degrees")
tracks/3/interp = 1
tracks/3/loop_wrap = true
tracks/3/imported = false
tracks/3/enabled = true
tracks/3/keys = {
"times": PoolRealArray( 0, 0.6, 1.1, 1.5, 1.9, 2.1, 2.6 ),
"transitions": PoolRealArray( 1, 1, 1, 1, 1, 1, 1 ),
"update": 0,
"values": [ Vector3( 7.61675e-16, 173.123, 1.90419e-16 ), Vector3( 6.31079e-15, 97.2117, 1.5777e-15 ), Vector3( 5.0932e-15, 126.805, 1.2733e-15 ), Vector3( 6.0053e-15, 70.7457, -4.85979e-15 ), Vector3( 4.8173e-15, 130.773, 1.20432e-15 ), Vector3( 2.94176e-15, 152.454, 7.3544e-16 ), Vector3( 5.13448e-15, 126.18, 1.28362e-15 ) ]
}

[sub_resource type="Animation" id=3]

resource_name = "Ray"
length = 3.0
loop = true
step = 0.1
tracks/0/type = "value"
tracks/0/path = NodePath("Ray:rotation_degrees")
tracks/0/interp = 2
tracks/0/loop_wrap = true
tracks/0/imported = false
tracks/0/enabled = true
tracks/0/keys = {
"times": PoolRealArray( 0, 0.5, 1.3, 1.7, 2.5 ),
"transitions": PoolRealArray( 1, 1, 1, 1, 1 ),
"update": 0,
"values": [ Vector3( 0, 0, 0 ), Vector3( -4.76901e-15, -48.5655, -1.19225e-15 ), Vector3( 1.83337e-15, 16.6329, 4.58341e-16 ), Vector3( -1.9387e-15, -17.7446, -4.84676e-16 ), Vector3( 3.10679e-15, 29.2357, 7.76698e-16 ) ]
}
tracks/1/type = "value"
tracks/1/path = NodePath("Ray2:rotation_degrees")
tracks/1/interp = 2
tracks/1/loop_wrap = true
tracks/1/imported = false
tracks/1/enabled = true
tracks/1/keys = {
"times": PoolRealArray( 0, 0.8, 1.6, 2, 2.5 ),
"transitions": PoolRealArray( 1, 1, 1, 1, 1 ),
"update": 0,
"values": [ Vector3( 5.84195e-15, 113.309, 1.46049e-15 ), Vector3( 1.03368e-15, 170.648, 2.58421e-16 ), Vector3( 6.19793e-15, 76.9943, -1.63107e-15 ), Vector3( 1.86249e-14, 102.583, 4.73263e-15 ), Vector3( 1.76722e-14, 67.828, -4.88843e-15 ) ]
}
tracks/2/type = "value"
tracks/2/path = NodePath("Ray3:rotation_degrees")
tracks/2/interp = 1
tracks/2/loop_wrap = true
tracks/2/imported = false
tracks/2/enabled = true
tracks/2/keys = {
"times": PoolRealArray( 0, 0.3, 0.7, 1.1, 1.6, 2.2, 2.4 ),
"transitions": PoolRealArray( 1, 1, 1, 1, 1, 1, 1 ),
"update": 0,
"values": [ Vector3( -5.33793e-15, -122.95, -1.33448e-15 ), Vector3( -3.29853e-15, -148.765, -8.24633e-16 ), Vector3( -6.2339e-15, -101.478, -1.55848e-15 ), Vector3( -5.16434e-15, -125.722, -1.29108e-15 ), Vector3( -4.98054e-15, -51.5331, -1.24514e-15 ), Vector3( -5.54202e-15, -119.398, -1.3855e-15 ), Vector3( -5.79362e-15, -114.386, -1.4484e-15 ) ]
}
tracks/3/type = "value"
tracks/3/path = NodePath("Ray4:rotation_degrees")
tracks/3/interp = 1
tracks/3/loop_wrap = true
tracks/3/imported = false
tracks/3/enabled = true
tracks/3/keys = {
"times": PoolRealArray( 0, 0.6, 1.1, 1.5, 1.9, 2.1, 2.6 ),
"transitions": PoolRealArray( 1, 1, 1, 1, 1, 1, 1 ),
"update": 0,
"values": [ Vector3( 7.61675e-16, 173.123, 1.90419e-16 ), Vector3( 6.31079e-15, 97.2117, 1.5777e-15 ), Vector3( 5.0932e-15, 126.805, 1.2733e-15 ), Vector3( 6.0053e-15, 70.7457, -4.85979e-15 ), Vector3( 4.8173e-15, 130.773, 1.20432e-15 ), Vector3( 2.94176e-15, 152.454, 7.3544e-16 ), Vector3( 5.13448e-15, 126.18, 1.28362e-15 ) ]
}

[node name="HousePary" type="Spatial" index="0" groups=[
"Beat",
]]

transform = Transform( 1, 0, -1.74533e-08, 0, 1, 0, 1.74533e-08, 0, 1, 9.31323e-10, -0.243835, -7.45058e-09 )
script = ExtResource( 1 )
_sections_unfolded = [ "Transform", "Visibility" ]
colors = [ Color( 0.816406, 0.325287, 0, 1 ), Color( 0.827711, 0.240295, 0.992188, 1 ), Color( 1, 0.277344, 0.599152, 1 ), Color( 0.645996, 1, 0.21875, 1 ), Color( 0.0976562, 1, 0.68277, 1 ) ]
raymat = ExtResource( 2 )

[node name="Light" type="OmniLight" parent="." index="0"]

transform = Transform( 0.987401, 0.158238, 1.70714e-08, -0.158238, 0.987401, 1.23555e-08, -1.49011e-08, -1.49012e-08, 1, 0.299529, 1.86906, -2.07559e-08 )
layers = 1
light_color = Color( 0.933594, 0.933594, 0.933594, 1 )
light_energy = 16.0
light_indirect_energy = 16.0
light_negative = false
light_specular = 0.2
light_bake_mode = 1
light_cull_mask = -1
shadow_enabled = false
shadow_color = Color( 0, 0, 0, 1 )
shadow_bias = 1.0
shadow_contact = 0.0
shadow_reverse_cull_face = false
editor_only = false
omni_range = 2.7
omni_attenuation = 1.7411
omni_shadow_mode = 1
omni_shadow_detail = 1
_sections_unfolded = [ "Light", "Omni", "Shadow" ]

[node name="Rays" type="Spatial" parent="." index="1"]

transform = Transform( 0.98543, 0.170081, 0, -0.170081, 0.98543, 0, 0, -7.10543e-15, 1, 0.364496, 2.27445, -3.43243e-08 )
_sections_unfolded = [ "Transform" ]

[node name="Ray" type="MeshInstance" parent="Rays" index="0"]

transform = Transform( 0.931118, 2.21981e-16, -0.364717, -8.83582e-11, 1, 7.05143e-11, 0.364717, 0, 0.931118, 0.325282, 0.44942, -0.212444 )
layers = 1
material_override = null
cast_shadow = 1
extra_cull_margin = 0.0
use_in_baked_light = true
lod_min_distance = 0.0
lod_min_hysteresis = 0.0
lod_max_distance = 0.0
lod_max_hysteresis = 0.0
mesh = SubResource( 1 )
skeleton = NodePath("..")
material/0 = ExtResource( 2 )
_sections_unfolded = [ "Geometry", "Transform", "material" ]

[node name="Ray2" type="MeshInstance" parent="Rays" index="1"]

transform = Transform( -0.603914, 5.10547e-17, 0.797049, -9.8166e-09, 1, -1.66939e-08, -0.797049, 4.44089e-16, -0.603914, -1.25052, 0.258464, 0.257978 )
layers = 1
material_override = null
cast_shadow = 1
extra_cull_margin = 0.0
use_in_baked_light = true
lod_min_distance = 0.0
lod_min_hysteresis = 0.0
lod_max_distance = 0.0
lod_max_hysteresis = 0.0
mesh = SubResource( 1 )
skeleton = NodePath("..")
material/0 = ExtResource( 2 )
_sections_unfolded = [ "Transform", "material" ]

[node name="Ray3" type="MeshInstance" parent="Rays" index="2"]

transform = Transform( -0.767835, 5.10547e-17, -0.640647, 4.66052e-08, 1, -2.2793e-09, 0.640647, 6.66134e-16, -0.767835, 0.256163, 0.468407, -0.381385 )
layers = 1
material_override = null
cast_shadow = 1
extra_cull_margin = 0.0
use_in_baked_light = true
lod_min_distance = 0.0
lod_min_hysteresis = 0.0
lod_max_distance = 0.0
lod_max_hysteresis = 0.0
mesh = SubResource( 1 )
skeleton = NodePath("..")
material/0 = ExtResource( 2 )
_sections_unfolded = [ "Transform", "material" ]

[node name="Ray4" type="MeshInstance" parent="Rays" index="3"]

transform = Transform( -0.846371, 5.10547e-17, 0.532592, -1.58099e-09, 1, -2.51243e-09, -0.532592, 4.44089e-16, -0.846371, -0.353325, 0.43677, -0.729521 )
layers = 1
material_override = null
cast_shadow = 1
extra_cull_margin = 0.0
use_in_baked_light = true
lod_min_distance = 0.0
lod_min_hysteresis = 0.0
lod_max_distance = 0.0
lod_max_hysteresis = 0.0
mesh = SubResource( 1 )
skeleton = NodePath("..")
material/0 = ExtResource( 2 )
_sections_unfolded = [ "Transform", "material" ]

[node name="Anim" type="AnimationPlayer" parent="Rays" index="4"]

root_node = NodePath("..")
autoplay = "Ray"
playback_process_mode = 1
playback_default_blend_time = 0.0
playback_speed = 1.0
anims/Ray = SubResource( 2 )
blend_times = [  ]

[node name="Rays2" type="Spatial" parent="." index="2"]

transform = Transform( 0.144801, 0.217593, -0.965239, 0.0254657, 0.974377, 0.223474, 0.989133, -0.0569398, 0.13555, 0.219972, 1.37262, -2.07147e-08 )
_sections_unfolded = [ "Transform" ]

[node name="Ray" type="MeshInstance" parent="Rays2" index="0"]

transform = Transform( 0.819161, 1.11759e-08, -0.573565, 1.86265e-08, 1, 3.72529e-09, 0.573565, 2.32831e-08, 0.819162, -0.321534, 0.402483, 0.85889 )
layers = 1
material_override = null
cast_shadow = 1
extra_cull_margin = 0.0
use_in_baked_light = true
lod_min_distance = 0.0
lod_min_hysteresis = 0.0
lod_max_distance = 0.0
lod_max_hysteresis = 0.0
mesh = SubResource( 1 )
skeleton = NodePath("..")
material/0 = ExtResource( 2 )
_sections_unfolded = [ "Transform", "material" ]

[node name="Ray2" type="MeshInstance" parent="Rays2" index="1"]

transform = Transform( -0.734286, 0, 0.678841, -2.23517e-08, 1, 1.49012e-08, -0.678841, 1.11759e-08, -0.734286, -0.693087, 0.4804, -0.0214062 )
layers = 1
material_override = null
cast_shadow = 1
extra_cull_margin = 0.0
use_in_baked_light = true
lod_min_distance = 0.0
lod_min_hysteresis = 0.0
lod_max_distance = 0.0
lod_max_hysteresis = 0.0
mesh = SubResource( 1 )
skeleton = NodePath("..")
material/0 = ExtResource( 2 )
_sections_unfolded = [ "Transform", "material" ]

[node name="Ray3" type="MeshInstance" parent="Rays2" index="2"]

transform = Transform( -0.855049, 0, -0.518549, 1.11759e-08, 1, -7.45058e-09, 0.518549, 1.11759e-08, -0.855048, 0.424197, 0.361378, 0.93433 )
layers = 1
material_override = null
cast_shadow = 1
extra_cull_margin = 0.0
use_in_baked_light = true
lod_min_distance = 0.0
lod_min_hysteresis = 0.0
lod_max_distance = 0.0
lod_max_hysteresis = 0.0
mesh = SubResource( 1 )
skeleton = NodePath("..")
material/0 = ExtResource( 2 )
_sections_unfolded = [ "Transform", "material" ]

[node name="Ray4" type="MeshInstance" parent="Rays2" index="3"]

transform = Transform( -0.70917, 1.11759e-08, 0.705038, -3.35276e-08, 1, -1.49012e-08, -0.705038, 1.90921e-08, -0.709169, 0.332776, 0.461006, -0.462726 )
layers = 1
material_override = null
cast_shadow = 1
extra_cull_margin = 0.0
use_in_baked_light = true
lod_min_distance = 0.0
lod_min_hysteresis = 0.0
lod_max_distance = 0.0
lod_max_hysteresis = 0.0
mesh = SubResource( 1 )
skeleton = NodePath("..")
material/0 = ExtResource( 2 )
_sections_unfolded = [ "Transform" ]

[node name="Anim" type="AnimationPlayer" parent="Rays2" index="4"]

root_node = NodePath("..")
autoplay = "Ray"
playback_process_mode = 1
playback_default_blend_time = 0.0
playback_speed = 1.0
anims/Ray = SubResource( 3 )
blend_times = [  ]

[node name="Tween" type="Tween" parent="." index="3"]

repeat = false
playback_process_mode = 0
playback_speed = 1.0
playback/active = false
playback/repeat = false
playback/speed = 1.0


